    km_pop; 0.0026204607;-0.0000688655; 0.0024847817; 0.0000000000; 0.0000000000; 0.0000000000; 0.0000000000;-0.0000000000; 0.0000000000; 0.0000000000; 0.0000000000
    gp_pop;-0.0000688655; 0.0019385873;-0.0020150911; 0.0000000000; 0.0000000000; 0.0000000000; 0.0000000000;-0.0000000000; 0.0000000000; 0.0000000000; 0.0000000000
    gm_pop; 0.0024847817;-0.0020150911; 0.0045346335; 0.0000000000; 0.0000000000; 0.0000000000; 0.0000000000;-0.0000000000; 0.0000000000; 0.0000000000; 0.0000000000
  omega_km; 0.0000000000; 0.0000000000; 0.0000000000; 0.0013454206;-0.0000008432; 0.0009412289;-0.0000632505;-0.0000000249;-0.0000615951; 0.0007185909; 0.0006844184
  omega_gp; 0.0000000000; 0.0000000000; 0.0000000000;-0.0000008432; 0.0010624675; 0.0007339519;-0.0000309002;-0.0000001397;-0.0000831692;-0.0005853265;-0.0008019236
  omega_gm; 0.0000000000; 0.0000000000; 0.0000000000; 0.0009412289; 0.0007339519; 0.0024441505;-0.0000985199;-0.0000001222;-0.0029746197; 0.0009476013;-0.0012890686
         a; 0.0000000000; 0.0000000000; 0.0000000000;-0.0000632505;-0.0000309002;-0.0000985199; 0.8603609683;-0.0002607119; 0.0000718955;-0.0000338192; 0.0000209862
         b; 0.0000000000; 0.0000000000; 0.0000000000;-0.0000000249;-0.0000001397;-0.0000001222;-0.0002607119; 0.0000005226; 0.0000000112; 0.0000000754; 0.0000000958
corr_km_gp; 0.0000000000; 0.0000000000; 0.0000000000;-0.0000615951;-0.0000831692;-0.0029746197; 0.0000718955; 0.0000000112; 0.0078636853;-0.0023189524; 0.0033109921
corr_km_gm; 0.0000000000; 0.0000000000; 0.0000000000; 0.0007185909;-0.0005853265; 0.0009476013;-0.0000338192; 0.0000000754;-0.0023189524; 0.0015598622; 0.0000055834
corr_gp_gm; 0.0000000000; 0.0000000000; 0.0000000000; 0.0006844184;-0.0008019236;-0.0012890686; 0.0000209862; 0.0000000958; 0.0033109921; 0.0000055834; 0.0025268477
