    km_pop;0.0009150460; 0.0000339474; 0.0007855266; 0.0000000000; 0.0000000000; 0.0000000000; 0.0000000000;-0.0000000000; 0.0000000000; 0.0000000000; 0.0000000000
    gp_pop;0.0000339474; 0.0005222896;-0.0005034357; 0.0000000000; 0.0000000000; 0.0000000000; 0.0000000000;-0.0000000000; 0.0000000000; 0.0000000000; 0.0000000000
    gm_pop;0.0007855266;-0.0005034357; 0.0012825555; 0.0000000000; 0.0000000000; 0.0000000000; 0.0000000000;-0.0000000000; 0.0000000000; 0.0000000000; 0.0000000000
  omega_km;0.0000000000; 0.0000000000; 0.0000000000; 0.0004683000; 0.0000004777; 0.0002982013;-0.0000185685;-0.0000000072; 0.0000329253; 0.0002361916; 0.0002838294
  omega_gp;0.0000000000; 0.0000000000; 0.0000000000; 0.0000004777; 0.0002844338; 0.0001644740;-0.0000085126;-0.0000000404; 0.0000179413;-0.0001891207;-0.0002353737
  omega_gm;0.0000000000; 0.0000000000; 0.0000000000; 0.0002982013; 0.0001644740; 0.0006867615;-0.0000303744;-0.0000000358;-0.0008459750; 0.0002778571;-0.0003845201
         a;0.0000000000; 0.0000000000; 0.0000000000;-0.0000185685;-0.0000085126;-0.0000303744; 0.2584565449;-0.0000788354; 0.0000275546;-0.0000116095; 0.0000099179
         b;0.0000000000; 0.0000000000; 0.0000000000;-0.0000000072;-0.0000000404;-0.0000000358;-0.0000788354; 0.0000001579; 0.0000000169; 0.0000000184; 0.0000000363
corr_km_gp;0.0000000000; 0.0000000000; 0.0000000000; 0.0000329253; 0.0000179413;-0.0008459750; 0.0000275546; 0.0000000169; 0.0022966436;-0.0006160945; 0.0011164266
corr_km_gm;0.0000000000; 0.0000000000; 0.0000000000; 0.0002361916;-0.0001891207; 0.0002778571;-0.0000116095; 0.0000000184;-0.0006160945; 0.0004630435; 0.0000566749
corr_gp_gm;0.0000000000; 0.0000000000; 0.0000000000; 0.0002838294;-0.0002353737;-0.0003845201; 0.0000099179; 0.0000000363; 0.0011164266; 0.0000566749; 0.0009789273
