    km_pop; 0.0012646847;-0.0001382234; 0.0012579218; 0.0000000000; 0.0000000000; 0.0000000000; 0.0000000000;-0.0000000000; 0.0000000000; 0.0000000000; 0.0000000000
    gp_pop;-0.0001382234; 0.0009701049;-0.0010726203; 0.0000000000; 0.0000000000; 0.0000000000; 0.0000000000;-0.0000000000; 0.0000000000; 0.0000000000; 0.0000000000
    gm_pop; 0.0012579218;-0.0010726203; 0.0022590920; 0.0000000000; 0.0000000000; 0.0000000000; 0.0000000000;-0.0000000000; 0.0000000000; 0.0000000000; 0.0000000000
  omega_km; 0.0000000000; 0.0000000000; 0.0000000000; 0.0006645794; 0.0000085077; 0.0005077196;-0.0000353329;-0.0000000649;-0.0001377056; 0.0003261798; 0.0002310431
  omega_gp; 0.0000000000; 0.0000000000; 0.0000000000; 0.0000085077; 0.0005602311; 0.0004386967;-0.0000124618;-0.0000001886;-0.0001343050;-0.0002228693;-0.0003795550
  omega_gm; 0.0000000000; 0.0000000000; 0.0000000000; 0.0005077196; 0.0004386967; 0.0012705000;-0.0000531523;-0.0000001969;-0.0014539622; 0.0004348112;-0.0006097583
         a; 0.0000000000; 0.0000000000; 0.0000000000;-0.0000353329;-0.0000124618;-0.0000531523; 0.2230666601;-0.0000788934; 0.0000401046;-0.0000209035; 0.0000078470
         b; 0.0000000000; 0.0000000000; 0.0000000000;-0.0000000649;-0.0000001886;-0.0000001969;-0.0000788934; 0.0000006581; 0.0000000330; 0.0000000530; 0.0000000816
corr_km_gp; 0.0000000000; 0.0000000000; 0.0000000000;-0.0001377056;-0.0001343050;-0.0014539622; 0.0000401046; 0.0000000330; 0.0035248701;-0.0010236261; 0.0013918648
corr_km_gm; 0.0000000000; 0.0000000000; 0.0000000000; 0.0003261798;-0.0002228693; 0.0004348112;-0.0000209035; 0.0000000530;-0.0010236261; 0.0006046907;-0.0000634248
corr_gp_gm; 0.0000000000; 0.0000000000; 0.0000000000; 0.0002310431;-0.0003795550;-0.0006097583; 0.0000078470; 0.0000000816; 0.0013918648;-0.0000634248; 0.0009389239
