    km_pop;0.0013297833; 0.0000587275; 0.0012172604; 0.0000000000; 0.0000000000; 0.0000000000; 0.0000000000;-0.0000000000; 0.0000000000; 0.0000000000; 0.0000000000
    gp_pop;0.0000587275; 0.0010265664;-0.0009188787; 0.0000000000; 0.0000000000; 0.0000000000; 0.0000000000;-0.0000000000; 0.0000000000; 0.0000000000; 0.0000000000
    gm_pop;0.0012172604;-0.0009188787; 0.0021340299; 0.0000000000; 0.0000000000; 0.0000000000; 0.0000000000;-0.0000000000; 0.0000000000; 0.0000000000; 0.0000000000
  omega_km;0.0000000000; 0.0000000000; 0.0000000000; 0.0007262971;-0.0000001302; 0.0004916788;-0.0000300455;-0.0000001448; 0.0000413348; 0.0004005469; 0.0004689786
  omega_gp;0.0000000000; 0.0000000000; 0.0000000000;-0.0000001302; 0.0006033425; 0.0003277618;-0.0000473043;-0.0000001363; 0.0000132785;-0.0003656263;-0.0004582823
  omega_gm;0.0000000000; 0.0000000000; 0.0000000000; 0.0004916788; 0.0003277618; 0.0012613508;-0.0000881703;-0.0000002275;-0.0016046592; 0.0005202292;-0.0007359682
         a;0.0000000000; 0.0000000000; 0.0000000000;-0.0000300455;-0.0000473043;-0.0000881703; 0.6238304976;-0.0001831988; 0.0001153069;-0.0000194720; 0.0000726812
         b;0.0000000000; 0.0000000000; 0.0000000000;-0.0000001448;-0.0000001363;-0.0000002275;-0.0001831988; 0.0000003605; 0.0000001224;-0.0000000505; 0.0000000380
corr_km_gp;0.0000000000; 0.0000000000; 0.0000000000; 0.0000413348; 0.0000132785;-0.0016046592; 0.0001153069; 0.0000001224; 0.0041979881;-0.0011271737; 0.0020638226
corr_km_gm;0.0000000000; 0.0000000000; 0.0000000000; 0.0004005469;-0.0003656263; 0.0005202292;-0.0000194720;-0.0000000505;-0.0011271737; 0.0008302427; 0.0000684961
corr_gp_gm;0.0000000000; 0.0000000000; 0.0000000000; 0.0004689786;-0.0004582823;-0.0007359682; 0.0000726812; 0.0000000380; 0.0020638226; 0.0000684961; 0.0017629805
