    km_pop; 0.0017002267;-0.0002570907; 0.0018943541; 0.0000000000; 0.0000000000; 0.0000000000; 0.0000000000;-0.0000000000; 0.0000000000; 0.0000000000; 0.0000000000
    gp_pop;-0.0002570907; 0.0015580606;-0.0017427560; 0.0000000000; 0.0000000000; 0.0000000000; 0.0000000000;-0.0000000000; 0.0000000000; 0.0000000000; 0.0000000000
    gm_pop; 0.0018943541;-0.0017427560; 0.0036282588; 0.0000000000; 0.0000000000; 0.0000000000; 0.0000000000;-0.0000000000; 0.0000000000; 0.0000000000; 0.0000000000
  omega_km; 0.0000000000; 0.0000000000; 0.0000000000; 0.0010316554; 0.0000221732; 0.0009518335;-0.0000830073;-0.0000013021;-0.0003448233; 0.0004751947; 0.0002813095
  omega_gp; 0.0000000000; 0.0000000000; 0.0000000000; 0.0000221732; 0.0012695527; 0.0009820496;-0.0000221372;-0.0000024313;-0.0004204745;-0.0003893202;-0.0008543643
  omega_gm; 0.0000000000; 0.0000000000; 0.0000000000; 0.0009518335; 0.0009820496; 0.0027253127;-0.0001336580;-0.0000029256;-0.0030455441; 0.0007077500;-0.0014801430
         a; 0.0000000000; 0.0000000000; 0.0000000000;-0.0000830073;-0.0000221372;-0.0001336580; 0.2310625919;-0.0000976262; 0.0001232852;-0.0000525796; 0.0000325622
         b; 0.0000000000; 0.0000000000; 0.0000000000;-0.0000013021;-0.0000024313;-0.0000029256;-0.0000976262; 0.0000070138; 0.0000006746; 0.0000001624; 0.0000006660
corr_km_gp; 0.0000000000; 0.0000000000; 0.0000000000;-0.0003448233;-0.0004204745;-0.0030455441; 0.0001232852; 0.0000006746; 0.0064087349;-0.0015195689; 0.0029109441
corr_km_gm; 0.0000000000; 0.0000000000; 0.0000000000; 0.0004751947;-0.0003893202; 0.0007077500;-0.0000525796; 0.0000001624;-0.0015195689; 0.0007751553;-0.0001753877
corr_gp_gm; 0.0000000000; 0.0000000000; 0.0000000000; 0.0002813095;-0.0008543643;-0.0014801430; 0.0000325622; 0.0000006660; 0.0029109441;-0.0001753877; 0.0019762024
